0.00000000000000000
0.00164690402182670
0.00329380804365340
0.00494071206548009
0.00658761608730679
0.00823452010913349
0.00988142413096019
0.01152832815278689
0.01317523217461358
0.01482213619644028
0.01646904021826698
0.01811594424009368
0.01976284826192038
0.02140975228374708
0.02305665630557378
0.02470356032740047
0.02635046434922717
0.02799736837105387
0.02964427239288057
0.03129117641470727
0.03293808043653396
0.03458498445836066
0.03623188848018736
0.03787879250201406
0.03952569652384075
0.04117260054566745
0.04281950456749415
0.04446640858932085
0.04611331261114755
0.04776021663297424
0.04940712065480094
0.05105402467662764
0.05270092869845434
0.05434783272028104
0.05599473674210773
0.05764164076393443
0.05928854478576114
0.06093544880758783
0.06258235282941453
0.06422925685124121
0.06587616087306793
0.06752306489489462
0.06916996891672132
0.07081687293854802
0.07246377696037472
0.07411068098220142
0.07575758500402811
0.07740448902585481
0.07905139304768151
0.08069829706950821
0.08234520109133490
0.08399210511316160
0.08567194721542483
0.08735178931768807
0.08903163141995130
0.09071147352221454
0.09239131562447776
0.09407115772674100
0.09575099982900423
0.09743084193126747
0.09911068403353070
0.10079052613579392
0.10247036823805716
0.10415021034032039
0.10583005244258363
0.10750989454484686
0.10918973664711010
0.11086957874937332
0.11254942085163656
0.11422926295389979
0.11590910505616303
0.11758894715842626
0.11926878926068948
0.12094863136295272
0.12262847346521595
0.12430831556747918
0.12598815766974242
0.12764132350486357
0.12929448933998472
0.13094765517510587
0.13260082101022705
0.13425398684534820
0.13590715268046935
0.13756031851559050
0.13921348435071165
0.14086665018583280
0.14251981602095395
0.14417298185607513
0.14582614769119628
0.14747931352631743
0.14913247936143859
0.15078564519655974
0.15243881103168089
0.15409197686680204
0.15574514270192319
0.15739830853704434
0.15905147437216552
0.16070464020728667
0.16235780604240782
0.16401097187752897
0.16566413771265012
0.16731730354777130
0.16897046938289245
0.17062363521801360
0.17227680105313475
0.17392996688825590
0.17558313272337706
0.17723629855849821
0.17888946439361936
0.18054263022874051
0.18219579606386166
0.18384896189898284
0.18550212773410399
0.18715529356922514
0.18880845940434629
0.19046162523946747
0.19211479107458862
0.19376795690970977
0.19542112274483092
0.19707428857995207
0.19872745441507322
